0 32.0109
0.3125 32.0379

0.3125 32.0376
0.625 32.119

0.625 32.1221
0.78125 32.1835

0.78125 32.1837
0.788924 32.1875

0.790724 32.1875
0.9375 32.2602

0.9375 32.26
0.947399 32.2656

0.945217 32.2656
1.01562 32.3064

1.01562 32.3066
1.07344 32.3438

1.07505 32.3438
1.09375 32.3552

1.09375 32.3554
1.25 32.4697

1.25 32.4708
1.28557 32.5

1.287 32.5
1.40625 32.6034

1.40625 32.6065
1.45767 32.6562

1.46141 32.6562
1.5625 32.7658

1.5625 32.7667
1.60196 32.8125

1.60243 32.8125
1.64062 32.8601

1.64062 32.8613
1.66339 32.8906

1.66505 32.8906
1.71875 32.9636

1.71875 32.9672
1.71984 32.9688

1.7216 32.9688
1.77482 33.0469

1.77503 33.0469
1.79688 33.0805

1.79688 33.0813
1.82527 33.125

1.82647 33.125
1.875 33.2065

1.875 33.2084
1.91838 33.2812

1.91899 33.2812
2.00165 33.4375

2.00201 33.4375
2.03125 33.5005

2.03125 33.5023
2.07369 33.5938

2.07384 33.5938
2.13673 33.75

2.13802 33.75
2.1875 33.9013

2.1875 33.9033
2.18852 33.9062

2.18935 33.9062
2.23597 34.0625

2.23618 34.0625
2.27742 34.2188

2.2774 34.2188
2.31287 34.375

2.3128 34.375
2.34271 34.5312

2.3428 34.5312
2.34375 34.5373

2.34375 34.5384
2.36727 34.6875

2.36713 34.6875
2.38697 34.8438

2.38683 34.8438
2.40246 35

2.40242 35
2.41423 35.1562

2.41422 35.1562
2.42229 35.3125

2.42226 35.3125
2.42668 35.4688

2.42665 35.4688
2.42753 35.625

2.42754 35.625
2.42493 35.7812

2.42491 35.7812
2.41881 35.9375

2.4187 35.9375
2.40939 36.0938

2.40928 36.0938
2.39717 36.25

2.39706 36.25
2.3826 36.4062

2.38253 36.4062
2.36608 36.5625

2.34375 36.7531
2.32863 36.875

2.36593 36.5625
2.34792 36.7188

2.34375 36.7523
2.34792 36.7188

2.32869 36.875
2.30763 37.0312

2.3078 37.0312
2.28458 37.1875

2.28479 37.1875
2.25863 37.3438

2.25875 37.3438
2.22898 37.5

1.09375 39.9274
1.042 40

1.17188 39.8192
1.15431 39.8438

1.25 39.7137
1.2121 39.7656

1.17188 39.8218
1.21302 39.7656

1.09375 39.929
1.1546 39.8438

1.875 38.6363
1.8244 38.75

2.1875 37.6879
2.15724 37.8125

2.1574 37.8125
2.11511 37.9688

2.11517 37.9688
2.0682 38.125

2.22905 37.5
2.19525 37.6562

2.1875 37.6888
2.19541 37.6562

2.03125 38.2337
2.01531 38.2812

2.01609 38.2812
1.95789 38.4375

2.03125 38.2372
2.06883 38.125

1.95785 38.4375
1.894 38.5938

1.875 38.6373
1.89438 38.5938

1.5625 39.2443
1.48226 39.375

1.71875 38.9632
1.66675 39.0625

1.82468 38.75
1.74913 38.9062

1.71875 38.9658
1.74995 38.9062

1.66765 39.0625
1.57877 39.2188

1.5625 39.2464
1.57913 39.2188

1.40625 39.4891
1.37876 39.5312

1.38004 39.5312
1.27063 39.6875

1.48206 39.375
1.43179 39.4531

1.40625 39.4933
1.43305 39.4531

1.25 39.716
1.27034 39.6875

0.9375 40.153
0.935489 40.1562

0.859375 40.2922
0.848761 40.3125

0.937035 40.1562
0.890652 40.2344

0.859375 40.2958
0.891519 40.2344

0.78125 40.4925
0.767245 40.5469

0.766969 40.5469
0.755172 40.625

0.849459 40.3125
0.814785 40.3906

0.815004 40.3906
0.787578 40.4688

0.78125 40.4921
0.787251 40.4688

1.01562 40.0375
0.988013 40.0781

0.988838 40.0781
0.938056 40.1562

1.01562 40.0399
1.04284 40

0.755144 40.625
0.752203 40.7031

0.752361 40.7031
0.758014 40.7812

0.75836 40.7812
0.771597 40.8594

0.771766 40.8594
0.78125 40.8968

0.78125 40.8968
0.791556 40.9375

0.791529 40.9375
0.817531 41.0156

0.818045 41.0156
0.849284 41.0938

0.84977 41.0938
0.859375 41.1151

0.859375 41.1161
0.884446 41.1719

0.884836 41.1719
0.923021 41.25

0.923779 41.25
0.9375 41.2767

0.9375 41.2781
0.963176 41.3281

0.963633 41.3281
1.00459 41.4062

1.00496 41.4062
1.01562 41.4264

1.01562 41.4274
1.04587 41.4844

1.04644 41.4844
1.08759 41.5625

1.08824 41.5625
1.09375 41.5735

1.09375 41.5739
1.16615 41.7188

1.1665 41.7188
1.23828 41.875

1.23906 41.875
1.25 41.9017

1.25 41.903
1.30263 42.0312

1.30308 42.0312
1.35816 42.1875

1.35842 42.1875
1.40325 42.3438

1.40331 42.3438
1.40625 42.357

1.40625 42.3591
1.43765 42.5

1.25 43.8909
1.24247 43.9062

1.17188 44.0348
1.15607 44.0625

1.24261 43.9062
1.2011 43.9844

1.17188 44.036
1.20136 43.9844

1.09375 44.1635
1.05834 44.2188

1.01562 44.2799
1.00446 44.2969

1.00642 44.2969
0.951571 44.375

1.01562 44.2838
1.05915 44.2188

1.1565 44.0625
1.10888 44.1406

1.09375 44.1648
1.10904 44.1406

0.78125 44.6075
0.77997 44.6094

0.78125 44.6128
0.73541 44.6875

0.859375 44.5
0.83765 44.5312

0.9375 44.3931
0.894566 44.4531

0.859375 44.5053
0.896188 44.4531

0.839506 44.5312
0.785543 44.6094

0.78125 44.613
0.783499 44.6094

0.703125 44.7485
0.69469 44.7656

0.69517 44.7656
0.669373 44.8438

0.703125 44.7551
0.736495 44.6875

0.669282 44.8438
0.660815 44.9219

0.661161 44.9219
0.669515 45

0.9375 44.3953
0.951637 44.375

1.43802 42.5
1.46295 42.6562

1.46312 42.6562
1.47717 42.8125

1.47689 42.8125
1.48027 42.9688

1.48067 42.9688
1.47314 43.125

1.47357 43.125
1.45348 43.2812

1.45308 43.2812
1.42038 43.4375

1.40625 43.4875
1.39875 43.5156

1.39897 43.5156
1.37469 43.5938

1.32812 43.7188
1.31567 43.75

1.37472 43.5938
1.34696 43.6719

1.32812 43.7189
1.34693 43.6719

1.40625 43.4888
1.41995 43.4375

1.31578 43.75
1.28104 43.8281

1.25 43.8914
1.28103 43.8281

0.67067 45
0.692841 45.0781

0.693405 45.0781
0.703125 45.1015

0.703125 45.1014
0.725954 45.1562

0.727417 45.1562
0.766239 45.2344

0.766954 45.2344
0.78125 45.2608

0.78125 45.2629
0.808034 45.3125

0.809509 45.3125
0.852981 45.3906

0.853185 45.3906
0.859375 45.4019

0.859375 45.4027
0.895692 45.4688

0.897198 45.4688
0.937225 45.5469

0.93527 45.5469
0.9375 45.5516

0.9375 45.5521
0.973714 45.625

0.975423 45.625
1.04067 45.7812

1.04043 45.7812
1.09208 45.9375

1.09241 45.9375
1.09375 45.9429

1.09375 45.9444
1.13061 46.0938

1.13054 46.0938
1.15618 46.25

1.15513 46.25
1.16327 46.3281

1.16324 46.3281
1.16883 46.4062

1.1688 46.4062
1.17188 46.4826

1.17171 46.4844
1.17188 46.4962

1.17188 46.4888
1.17287 46.5625

1.17317 46.5625
1.17046 46.7188

1.17016 46.7188
1.16171 46.875

1.16155 46.875
1.14828 47.0312

1.14816 47.0312
1.13064 47.1875

1.09375 47.4426
1.08489 47.5

1.13045 47.1875
1.10932 47.3438

1.09375 47.4447
1.10932 47.3438

1.08501 47.5
1.05834 47.6562

1.05813 47.6562
1.0295 47.8125

1.02914 47.8125
0.999675 47.9688

0.99936 47.9688
0.970396 48.125

0.9375 48.3076
0.916567 48.4375

0.916119 48.4375
0.897184 48.5938

0.897472 48.5938
0.885054 48.75

0.970419 48.125
0.942546 48.2812

0.9375 48.3069
0.941594 48.2812

0.885213 48.75
0.878419 48.9062

0.878485 48.9062
0.876864 49.0625

0.877296 49.0625
0.879852 49.2188

0.880044 49.2188
0.885529 49.375

0.885916 49.375
0.893172 49.5312

0.893135 49.5312
0.90146 49.6875

0.901911 49.6875
0.910478 49.8438

0.910432 49.8438
0.918431 50

0.918643 50
0.932847 50.3125

0.934043 50.3125
0.9375 50.4026

0.9375 50.4575
0.943923 50.625

0.944494 50.625
0.954939 50.9375

0.954874 50.9375
0.964351 51.25

0.964126 51.25
0.973213 51.5625

0.9733 51.5625
0.982272 51.875

0.982153 51.875
0.991076 52.1875

0.990812 52.1875
1.00045 52.5

1.00047 52.5
1.01132 52.8125

1.01134 52.8125
1.02334 53.125

1.02357 53.125
1.03622 53.4375

1.0365 53.4375
1.04878 53.75

1.0488 53.75
1.06014 54.0625

1.06021 54.0625
1.07041 54.375

1.07005 54.375
1.07966 54.6875

1.07993 54.6875
1.08911 55

1.09167 55
1.09785 55.625

1.09618 55.625
1.08793 56.25

1.08635 56.25
1.07841 56.5625

1.07859 56.5625
1.06965 56.875

1.0697 56.875
1.05933 57.1875

1.05921 57.1875
1.04754 57.5

1.04724 57.5
1.03511 57.8125

1.035 57.8125
1.02319 58.125

1.02309 58.125
1.012 58.4375

1.01187 58.4375
1.00197 58.75

1.00189 58.75
0.993602 59.0625

0.993569 59.0625
0.987109 59.375

0.987074 59.375
0.982582 59.6875

0.982524 59.6875
0.980186 60

0.979875 60
0.980985 60.625

0.983029 60.625
0.987593 61.25

0.989981 61.25
0.989135 61.875

0.986934 61.875
0.980305 62.5

0.980165 62.5
0.976355 62.8125

0.976414 62.8125
0.97227 63.125

0.972193 63.125
0.967749 63.4375

0.967668 63.4375
0.963242 63.75

0.962652 63.75
0.95652 64.375

0.956935 64.375
0.953964 65

0.951441 65
0.960259 66.25

0.956995 66.25
0.975678 67.5

0.974844 67.5
0.976129 68.125

0.975374 68.125
0.971783 68.75

0.970532 68.75
0.966077 69.375

0.966354 69.375
0.962985 70

0.962947 70
0.961491 70.3125

0.961249 70.3125
0.960581 70.625

0.960586 70.625
0.961181 70.9375

0.961011 70.9375
0.963199 71.25

0.963114 71.25
0.967403 71.5625

0.967128 71.5625
0.974237 71.875

0.974228 71.875
0.984722 72.1875

0.984847 72.1875
0.998493 72.5

0.998797 72.5
1.01474 72.8125

1.01507 72.8125
1.03203 73.125

1.0325 73.125
1.04887 73.4375

1.04923 73.4375
1.06334 73.75

1.06339 73.75
1.07443 74.0625

1.07511 74.0625
1.0816 74.375

1.08091 74.375
1.0829 74.6875

1.08296 74.6875
1.08173 75

1.08181 75
1.07712 75.3125

1.07678 75.3125
1.06917 75.625

1.06903 75.625
1.05945 75.9375

1.05914 75.9375
1.04852 76.25

1.04831 76.25
1.03771 76.5625

1.0378 76.5625
1.02747 76.875

1.02756 76.875
1.01713 77.1875

1.01723 77.1875
1.00634 77.5

1.00614 77.5
0.994991 77.8125

0.994665 77.8125
0.984297 78.125

0.98426 78.125
0.9754 78.4375

0.975376 78.4375
0.968147 78.75

0.96816 78.75
0.962585 79.0625

0.962649 79.0625
0.958576 79.375

0.958514 79.375
0.955939 79.6875

0.955904 79.6875
0.955023 80

